§Section 
# RectangleUnsym 
   0.00000e+00       0.00000e+00       5.50000e+02       0.00000e+00       1.60000e+01 
   5.50000e+02       0.00000e+00       8.50000e+02       0.00000e+00       1.60000e+01 
   8.50000e+02       0.00000e+00       1.45000e+03       0.00000e+00       1.60000e+01 
   1.45000e+03       0.00000e+00       1.75000e+03       0.00000e+00       1.60000e+01 
   1.75000e+03       0.00000e+00       2.35000e+03       0.00000e+00       1.60000e+01 
   2.35000e+03       0.00000e+00       2.65000e+03       0.00000e+00       1.60000e+01 
   2.65000e+03       0.00000e+00       3.25000e+03       0.00000e+00       1.60000e+01 
   3.25000e+03       0.00000e+00       3.55000e+03       0.00000e+00       1.60000e+01 
   3.55000e+03       0.00000e+00       4.15000e+03       0.00000e+00       1.60000e+01 
   4.15000e+03       0.00000e+00       4.45000e+03       0.00000e+00       1.60000e+01 
   4.45000e+03       0.00000e+00       5.00000e+03       0.00000e+00       1.60000e+01 
   5.00000e+03       0.00000e+00       5.00000e+03       5.00000e+02       1.60000e+01 
   5.00000e+03       5.00000e+02       5.00000e+03       1.00000e+03       1.60000e+01 
   5.00000e+03       1.00000e+03       5.00000e+03       1.50000e+03       1.60000e+01 
   5.00000e+03       1.50000e+03       5.00000e+03       2.00000e+03       1.60000e+01 
   5.00000e+03       2.00000e+03       5.00000e+03       2.50000e+03       1.60000e+01 
   5.00000e+03       2.50000e+03       5.00000e+03       3.00000e+03       1.60000e+01 
   5.00000e+03       3.00000e+03       5.00000e+03       3.50000e+03       1.60000e+01 
   5.00000e+03       3.50000e+03       5.00000e+03       4.00000e+03       1.60000e+01 
   5.00000e+03       4.00000e+03       5.00000e+03       4.50000e+03       1.60000e+01 
   5.00000e+03       4.50000e+03       5.00000e+03       5.00000e+03       1.60000e+01 
   5.00000e+03       5.00000e+03       0.00000e+00       5.00000e+03       1.60000e+01 
   0.00000e+00       5.00000e+03       0.00000e+00       0.00000e+00       1.60000e+01 
   5.50000e+02       0.00000e+00       6.33000e+02       2.75000e+02       6.00000e+00 
   6.33000e+02       2.75000e+02       7.68000e+02       2.75000e+02       6.00000e+00 
   7.68000e+02       2.75000e+02       8.50000e+02       0.00000e+00       6.00000e+00 
   1.45000e+03       0.00000e+00       1.53300e+03       2.75000e+02       6.00000e+00 
   1.53300e+03       2.75000e+02       1.66800e+03       2.75000e+02       6.00000e+00 
   1.66800e+03       2.75000e+02       1.75000e+03       0.00000e+00       6.00000e+00 
   2.35000e+03       0.00000e+00       2.43300e+03       2.75000e+02       6.00000e+00 
   2.43300e+03       2.75000e+02       2.56800e+03       2.75000e+02       6.00000e+00 
   2.56800e+03       2.75000e+02       2.65000e+03       0.00000e+00       6.00000e+00 
   3.25000e+03       0.00000e+00       3.33300e+03       2.75000e+02       6.00000e+00 
   3.33300e+03       2.75000e+02       3.46800e+03       2.75000e+02       6.00000e+00 
   3.46800e+03       2.75000e+02       3.55000e+03       0.00000e+00       6.00000e+00 
   4.15000e+03       0.00000e+00       4.23300e+03       2.75000e+02       6.00000e+00 
   4.23300e+03       2.75000e+02       4.36800e+03       2.75000e+02       6.00000e+00 
   4.36800e+03       2.75000e+02       4.45000e+03       0.00000e+00       6.00000e+00 
   5.00000e+03       5.00000e+02       4.88000e+03       5.00000e+02       1.00000e+01 
   4.88000e+03       5.00000e+02       4.80000e+03       5.30000e+02       1.00000e+01 
   5.00000e+03       1.00000e+03       4.88000e+03       1.00000e+03       1.00000e+01 
   4.88000e+03       1.00000e+03       4.80000e+03       1.03000e+03       1.00000e+01 
   5.00000e+03       1.50000e+03       4.88000e+03       1.50000e+03       1.00000e+01 
   4.88000e+03       1.50000e+03       4.80000e+03       1.53000e+03       1.00000e+01 
   5.00000e+03       2.00000e+03       4.88000e+03       2.00000e+03       1.00000e+01 
   4.88000e+03       2.00000e+03       4.80000e+03       2.03000e+03       1.00000e+01 
   5.00000e+03       2.50000e+03       4.88000e+03       2.50000e+03       1.00000e+01 
   4.88000e+03       2.50000e+03       4.80000e+03       2.53000e+03       1.00000e+01 
   5.00000e+03       3.00000e+03       4.88000e+03       3.00000e+03       1.00000e+01 
   4.88000e+03       3.00000e+03       4.80000e+03       3.03000e+03       1.00000e+01 
   5.00000e+03       3.50000e+03       4.88000e+03       3.50000e+03       1.00000e+01 
   4.88000e+03       3.50000e+03       4.80000e+03       3.53000e+03       1.00000e+01 
   5.00000e+03       4.00000e+03       4.88000e+03       4.00000e+03       1.00000e+01 
   4.88000e+03       4.00000e+03       4.80000e+03       4.03000e+03       1.00000e+01 
   5.00000e+03       4.50000e+03       4.88000e+03       4.50000e+03       1.00000e+01 
   4.88000e+03       4.50000e+03       4.80000e+03       4.53000e+03       1.00000e+01 
§End 
